Details of the solution:
route 0, node_num 16, cost 169759.000000, nodes: 0(120000.00, 120000.00) 72 68 27 11 22 16 97 119(28042.00, 56185.00) 82 90 89 24 79 106(0.00, 21616.00) 0(0.00, 0.00)
route 1, node_num 14, cost 144193.000000, nodes: 0(120000.00, 120000.00) 63 75 34 98 86 54 48 26 57 38 73 108(7335.00, 31528.00) 0(0.00, 0.00)
route 2, node_num 9, cost 108520.000000, nodes: 0(120000.00, 120000.00) 18 52 25 92 12 39 45 0(11480.00, 11480.00)
route 3, node_num 13, cost 121010.000000, nodes: 0(120000.00, 120000.00) 66 88 37 1 30 31 20 109(51990.00, 53000.00) 94 41 83 0(0.00, 0.00)
route 4, node_num 9, cost 88511.000000, nodes: 0(120000.00, 120000.00) 3 76 6 56 51 71 69 0(31489.00, 31489.00)
route 5, node_num 10, cost 110890.000000, nodes: 0(120000.00, 120000.00) 95 40 64 33 10 67 46 2 0(9110.00, 9110.00)
route 6, node_num 12, cost 159608.000000, nodes: 0(120000.00, 120000.00) 8 59 4 13 53 21 116(14724.00, 120000.00) 61 80 23 0(65668.00, 65668.00)
route 7, node_num 15, cost 134024.000000, nodes: 0(120000.00, 120000.00) 58 81 85 42 9 19 70 36 15 100 93 55 108(17504.00, 31528.00) 0(0.00, 0.00)
route 8, node_num 15, cost 104187.000000, nodes: 0(120000.00, 120000.00) 17 74 96 78 44 99 7 60 14 47 28 87 50 0(15813.00, 15813.00)
route 9, node_num 15, cost 144353.000000, nodes: 0(120000.00, 120000.00) 5 35 62 118(58336.00, 120000.00) 29 77 65 84 32 49 91 43 106(58927.00, 58927.00) 0(37311.00, 37311.00)
vehicle (route) number: 10
Total cost: 1295055.00
1302309.00, 37.83
1295055.00, 43.08
